1,685553478456817	3,5285158478816134	4,80851537153866	78,59843734187737
3,1869250887415133	-5,087544204306498	3,7271972289502555	68,97430792265067
3,3037756695296396	-2,531336675924257	-3,6890539196441194	77,78985712606695
3,395468919056058	3,5932941548145356	1,8825229704866704	66,83773091186949
-2,5143998707590858	-4,240000011641313	-0,49594062899979363	73,87370432867743
1,9511813024261846	1,2937865618269289	-3,4541437237570225	50,1832649817936
2,0774275165538283	3,1952438407689145	-4,402326770312352	59,86825656480698
2,756897195427639	-2,869467952527799	3,9267484973486733	45,0399879817154
3,35027300446193	-4,459734836217348	-2,9145903413903227	76,58750768424589
-1,033028819963314	-0,1452377147968118	-0,004441612491628	5,189458142329755
-3,396938427387714	2,3427884178023053	3,4300808984094315	81,32471355368767
-2,1421118828018555	3,1133199921726833	-3,149227056811144	34,440024534925094
-1,1295838794384325	1,6625377041121387	-1,949844216493441	26,692806527693744
-1,6227433414162022	-0,288666800564366	1,0371081835797256	33,63909228886997
4,5741096228006155	4,546686739402429	-3,93966982043293	96,33388373781361
-2,131103562963948	-4,231384861303493	3,852932356710931	53,30368414237201
-2,2950540582124006	-4,158224373422819	5,069976511781403	66,55490797615761
0,9009129618039298	4,391256214412109	-2,2584869624078783	55,35998766985632
1,0936009756083704	0,3919203077802971	-3,113395808519424	32,93699757681506
-2,3082819255908236	2,2217958651128686	3,37891803625934	60,74241732425413
-1,5379031988398153	-0,047382301617958866	-2,74208074733966	40,54142611864124
-4,813182647909506	0,3430884570574131	-4,435845128698546	83,81433213979425
-2,1801777733743357	-0,7752709621190714	-4,1029905384114285	38,38160741282256
3,71093949419651	0,6999393527568962	1,6457240777066424	58,58592783140273
4,854426956863855	-0,6154430240889379	4,33879141340167	79,44543216051649
-2,859342308023157	-4,659896269307621	0,9498946478823926	50,30567889307886
-0,8396112440340016	-4,894506187557603	0,5012817258601663	51,691973376514724
-4,530029790639729	-2,021975785819009	2,7033804632946135	64,72300269515117
-0,3350037329489979	-0,453864860612887	3,8987227831584876	52,148930276367814
-1,5602114520999986	-0,4223566026021066	-3,9240497813242214	57,254312489906255
4,1871209467324695	-2,12806914217981	4,763255619370411	63,135121366407645
1,8248002680935693	0,9764525199950205	4,749338799054235	42,46165042150517
0,5947819535102132	-2,6715206543688215	-0,322086605892026	54,98266879421758
2,667719615543514	-4,679896036770173	2,2409372250336927	72,67712961926478
-0,5333554105375011	-0,2081451412909585	-0,3024592896326226	40,83760541554613
4,441686809509165	-1,70914942813739	2,0900741136197727	60,45228497625154
3,121927457609746	1,6730412343769583	5,085860247556348	57,27465796544241
1,2989581313580594	0,7969094679026627	-4,122046247957533	42,23547437201097
0,6050802305653189	-4,11136764424752	0,10537289663191896	39,6417869621508
0,735370595708674	-1,708412092087059	-3,9733371915371425	42,888158353767075
3,8682774832285487	0,09542969013843194	0,19215649903142218	26,432895383446617
0,6715325001218533	-0,9565192075521622	3,9165475601316304	33,15252525308523
2,3775417267144983	3,961321369969503	4,325295268861569	72,08632064581458
-0,06403965170531123	-4,086219647539001	-0,47235032066895233	39,004377073688374
-1,2382952575532489	-1,4769904207992535	0,6919423311117479	46,92207067215454
-2,7100670189183167	3,341127014506193	1,0968342904672292	49,40590374277499
0,879917642661102	-1,8357945541969172	3,8028971858012914	32,92418457347822
-4,739002731419369	1,5149724030839984	-3,3520940140296567	82,61981797697092
4,066244470721506	-2,181213558125039	4,533538471873208	68,28890710017859
-1,3998792434171254	-1,9202436610879468	3,941917099084054	41,15955221361632
2,167499846892741	-0,70400531770846	2,226322061419679	36,56321956125209
-4,585379476751094	4,275537678341181	3,9314739449959104	85,86806279054429
0,4114635606090822	2,153444850665604	-4,0063566973908324	43,65631068821273
-4,9426696819977485	-1,0964202200262605	-4,822632480173407	56,90451647949043
3,844585237633466	-3,2938228247057024	-3,653477772034444	71,79723276411909
4,316550782935434	-2,4889744309861794	3,552536327261799	90,94496037573384
-1,5666082828267758	-2,7280407864287497	0,22433799368213414	48,853692240494475
-4,332892631330914	-3,1285510612179994	4,1086036212395305	65,74610225851137
3,3073484978272036	3,940299102746608	2,623856583767255	64,69199554177466
-4,420096643895607	-3,9574091363997526	3,6416217498268084	83,87707172781069
-4,406245442739486	1,810074416257347	3,9188755977442105	63,9490854637855
-4,047277566673702	-3,2125951713048018	-0,7244621429439038	46,93311403145762
-1,808205950268034	4,177498055994206	-2,0293427281635217	37,03309592767222
-0,8696105206057645	-2,1202341394605697	1,306001130056881	26,296530899221366
0,24418917200586776	1,5444481705182929	-3,240832814923431	51,61980149386311
-2,8764754731965594	-1,9104682291832855	-1,436912866165701	37,61801049607126
0,6269046676795185	-4,749558026000249	1,211099798107261	59,01187631251461
4,670567781729836	-1,6429616895231094	-3,3425157026335546	82,19299555787364
-3,431979484036362	-1,4049132682927463	2,7378796203394415	69,37732622434402
2,1713673447641613	4,243413199855653	-4,214965849543451	63,147985782945796
0,7149313283408105	3,0357169995299573	-4,606691274860699	61,22068496898734
1,0561789429023518	4,42179314408614	0,14604801381083998	44,04552049170469
1,629112667050192	2,7543112842684527	4,613945122349517	75,68865926214794
-3,256928239284166	2,5947476138450707	-2,128792333856576	53,68635144787878
4,26142433655347	-1,08875164804076	2,621019147285871	55,6927097171385
-0,5231726356592175	-4,927805862525568	2,9037324114338263	55,66834474004922
0,29437767647694724	-1,1613526740684246	-4,28673460822619	49,565182125106546
-2,7255619537721363	-1,6871362479263623	0,02182581367855274	35,746877544969905
1,1990027452625496	4,42755235920749	1,2044574247676074	55,50093410924376
-4,399214456039827	-3,201511381886519	-3,7537128148272814	78,52120421287093
3,2140473558044134	-2,4869795939461143	-0,8027084867980765	51,63469080621165
-0,9546174792778164	-3,9177164131622146	4,003604119170572	34,00195841817386
3,910562826176206	-1,046316774476037	1,7214989367293967	33,09035653698225
-4,960482645718688	-2,201443709620113	3,0014428437085057	45,76471109292427
-0,9979186636557156	-0,18800799728441486	0,41920369332275964	26,149302802194605
3,1228220175357544	3,8286280186663744	4,207488060010173	57,564926181831844
-1,8020704528053022	4,485181724261447	-3,449259542592265	81,50084929899681
4,019953051971645	4,876770089667645	-3,389216134268644	72,0325517414584
-2,45351319316419	-4,191851439501298	2,4425000193730195	74,91520918260855
-2,0652500013000306	0,5112429866215074	2,8547321708297115	37,36412030821022
-1,4291563516210308	0,004557378544805424	-3,2915333882022892	44,48647474465035
-3,636951840963449	-4,312977080483438	0,28756026866005335	74,62515939410451
4,547397928902627	-1,615020870224937	1,9708457197254994	64,39871971305577
-0,4783678548236221	-1,8133694086096512	-2,797408002083106	44,4382852658388
-0,20891609633950026	-4,589886998054449	-1,0312480650281213	48,26058143905422
-0,5703680554386246	0,49554502438985004	2,4368032473832795	64,76533087644484
-1,5894772676214712	-0,8572856878663968	2,536943255091824	51,648184330061184
-4,582534843058093	0,9623457284030978	0,4638420012805087	60,847720243063584
-0,24827708983279528	-3,4275453398985123	-0,9642211675239718	41,864332327769205
3,3927059806576354	4,941465206623623	-3,4568928379837303	85,99520684024405

-2,5413413889232367E-09	-1,7294161466116535E-10	1,00091024094069E-09	0
-2,8919827752900826E-09	-6,9554049813591E-10	-3,1396416479157657E-09	0
6,692590772030594E-10	2,8209059363618314E-09	4,963158967540276E-10	0
1,328650850458523E-09	3,384856261878712E-09	1,6533218238506578E-10	0
-1,0701120366252331E-10	-1,1644328422190118E-09	-3,2251948882163035E-09	0
-3,3052998880948023E-09	5,500403887173859E-09	1,1368759842067868E-09	7,105427357601002E-15
3,4634583030430815E-09	4,778470274364363E-09	-2,761261641213847E-09	7,105427357601002E-15
1,3689245021340826E-09	-6,147284871161568E-09	2,116013299940977E-09	7,105427357601002E-15
3,126081252678465E-09	1,965493181204264E-09	-2,467983725679398E-09	7,105427357601002E-15
-6,428212607797609E-09	-1,8391486979644245E-09	1,0672249270449823E-09	7,105427357601002E-15
2,1094244456505004E-09	2,1429901393350445E-09	5,013333647311724E-09	7,105427357601002E-15
2,30664349230403E-11	4,005428569455322E-09	-1,9630274751333548E-09	7,105427357601002E-15
2,334341350466039E-09	-2,4770154190655672E-09	3,6596251740534955E-09	7,105427357601002E-15
1,7966023166205765E-09	1,6023735779927693E-09	-5,55570348297563E-09	7,105427357601002E-15
4,556132369637785E-09	4,788301676921982E-09	-6,94501454575584E-11	7,105427357601002E-15
-4,351144743617452E-09	5,697102227460025E-10	4,081551107992764E-09	7,105427357601002E-15
3,277587946493257E-09	-6,415260465879415E-09	6,212341401696225E-10	7,105427357601002E-15
-3,5127119481682546E-09	-1,7058044810515465E-09	4,547798168808965E-09	7,105427357601002E-15
6,58826620379079E-09	1,5030328200658772E-09	3,6454483059387874E-09	7,105427357601002E-15
1,957063453832896E-09	3,1058447002386982E-09	-4,59669091038614E-09	7,105427357601002E-15
1,967685164136794E-09	3,8568867776015195E-09	3,7231473439348076E-09	7,105427357601002E-15
2,635612818721306E-09	1,1357614111567022E-09	-5,7059624811412056E-09	7,105427357601002E-15
2,8264955985478132E-09	3,859175570886304E-09	-1,8590042824306193E-09	7,105427357601002E-15
-3,2415514160365103E-09	-5,087470554411637E-09	8,862236301248998E-10	7,105427357601002E-15
5,759650844081477E-10	-4,690544931903675E-09	-5,0571947200268345E-09	7,105427357601002E-15
-2,6652908026302286E-09	-1,9846101868541453E-09	2,5457149599522027E-09	7,105427357601002E-15
1,4576622805786682E-09	4,987109634822339E-09	5,146416099066332E-09	7,105427357601002E-15
2,9451701850186736E-09	4,664619400559201E-09	3,501064605098993E-09	7,105427357601002E-15
3,749781604061937E-09	-1,5800756400785195E-09	-6,671132619216868E-09	7,105427357601002E-15
-2,2599941657778273E-09	2,0224590833905237E-09	4,9181020399565195E-09	7,105427357601002E-15
6,050836603509181E-09	2,8094789425897953E-10	-3,4199954680620735E-09	7,105427357601002E-15
-4,711452187366344E-10	-5,072920015146652E-09	3,704439727109115E-09	7,105427357601002E-15
-1,6943214380384733E-09	-5,562678750816511E-09	-4,61427239130817E-09	1,0658141036401503E-14
3,1450395422280637E-10	-6,494511103695332E-09	-4,247472203447475E-09	1,0658141036401503E-14
5,002901704505467E-09	4,312611296982748E-09	-3,8758094557803695E-09	1,0658141036401503E-14
7,172281219706815E-09	1,4341377838379007E-09	-1,1140766552665544E-09	1,0658141036401503E-14
2,128251792774718E-09	5,134934447987644E-09	-3,889594872127595E-09	1,0658141036401503E-14
-5,998910420072063E-09	-4,891089513638184E-10	3,871832557574409E-09	1,0658141036401503E-14
2,0811596955481758E-09	4,090509915558373E-09	4,605303906438567E-09	1,0658141036401503E-14
4,804425044320512E-09	3,691938636112316E-09	-4,770121359019469E-09	1,0658141036401503E-14
1,9212840145487444E-09	3,309016197147387E-09	-6,271679037598236E-09	1,0658141036401503E-14
1,6366544658260892E-09	6,953210326584058E-09	-1,64476395583567E-09	1,0658141036401503E-14
4,8424479810619804E-09	5,338696946040967E-09	-5,530691821875851E-09	1,4210854715202004E-14
-4,003883022030594E-09	6,043018704513618E-10	-7,545973633753894E-09	1,4210854715202004E-14
-7,636194249089322E-09	-2,3450049408935004E-09	-1,2493314465316184E-09	1,4210854715202004E-14
-6,8249103765182676E-09	-6,24194449429088E-09	-2,205407756755468E-10	1,4210854715202004E-14
7,614993814064792E-09	-5,287239907792173E-09	-1,5758417420150687E-09	1,4210854715202004E-14
2,4219452406431662E-09	-4,102146526258136E-09	-5,0962184897833044E-09	1,4210854715202004E-14
3,136903053481029E-09	4,199706073057811E-10	-8,713089222802691E-09	1,4210854715202004E-14
6,53875562249326E-09	-1,8075226428224186E-09	3,409734700679135E-09	1,4210854715202004E-14
1,6538025920107838E-09	-4,380617601374011E-09	-7,638064188521611E-09	1,4210854715202004E-14
8,347004913417252E-09	-9,933570941720255E-10	-2,7829478313570186E-09	1,4210854715202004E-14
-1,0586435455686635E-09	7,524592656078343E-09	2,0242136068155206E-09	1,4210854715202004E-14
-2,883136685434768E-09	-1,5521880065599757E-09	8,29502002303644E-09	1,4210854715202004E-14
-1,544708322011342E-10	6,9618681681454325E-09	2,74120083090346E-09	1,4210854715202004E-14
-7,215625026805553E-09	-5,147309598575905E-09	1,0852188844550882E-09	1,4210854715202004E-14
2,357254861650922E-09	-5,363258555620052E-09	6,905549942513989E-09	1,4210854715202004E-14
2,6302751430130393E-09	6,78958782027778E-09	5,27820167662188E-09	1,4210854715202004E-14
-5,865189107802117E-09	-4,2781267822373793E-10	6,0593176802044846E-09	1,4210854715202004E-14
7,22312716013469E-09	3,542419193365491E-09	2,83281771918932E-09	1,4210854715202004E-14
-6,196322235526783E-09	-6,175190701206264E-09	2,6288163320879466E-09	1,4210854715202004E-14
7,901768503456673E-09	1,8609883257194098E-09	-1,32539138599874E-09	1,4210854715202004E-14
8,56581477197384E-09	-7,990210030433508E-10	7,494436003400256E-10	1,4210854715202004E-14
2,073623092124641E-09	4,266111481595742E-09	6,7649160448440065E-09	1,4210854715202004E-14
-4,205061331688478E-09	7,3698244949341055E-09	-2,2587946361438815E-09	1,4210854715202004E-14
6,974807782877154E-09	2,1182495852462363E-09	-7,506413883295298E-11	1,4210854715202004E-14
-2,3859723916709225E-09	-3,400512291349008E-10	-9,006462205047974E-09	1,4210854715202004E-14
-4,759371616140908E-09	1,0609507260401804E-09	-6,898090170647316E-09	1,4210854715202004E-14
6,84042436123592E-09	-3,032899701600994E-09	2,79963872557191E-09	1,4210854715202004E-14
-5,5108197841487025E-09	-4,748790319579571E-09	-6,019492545249442E-09	1,4210854715202004E-14
7,842506347445063E-09	1,6308239939753212E-09	8,688698549650541E-10	1,4210854715202004E-14
2,490956643792724E-09	1,907479617341222E-09	-8,062788998733216E-09	1,7763568394002505E-14
3,990592753710164E-09	6,175969840494692E-09	-6,362925197267265E-09	1,7763568394002505E-14
1,0708651628288162E-09	-6,075437068133426E-09	-6,987212118057556E-09	1,7763568394002505E-14
-6,91872584458917E-09	-6,322441061960647E-09	1,164873698539277E-09	1,7763568394002505E-14
-4,036665730505011E-09	-7,00282057564197E-09	-4,2884458188097545E-09	1,7763568394002505E-14
2,5062776446806226E-09	-5,850682118921196E-09	7,103002438120986E-09	1,7763568394002505E-14
-1,3402432930389746E-09	5,976334133456648E-09	-7,308635138838541E-09	1,7763568394002505E-14
-1,421950328091431E-09	-8,489975643047418E-09	3,8616760128486786E-09	1,7763568394002505E-14
-8,335605489874093E-10	-8,468552966345903E-09	-4,422158391415654E-09	1,7763568394002505E-14
7,380081013860399E-09	5,270212813298429E-09	3,9351456388836515E-09	1,7763568394002505E-14
5,625447359984699E-09	-7,348704675952806E-09	-6,574953533482526E-10	1,7763568394002505E-14
-1,2729815694910127E-09	9,098131154536389E-09	-4,895260013267018E-09	1,7763568394002505E-14
1,5324247973833281E-09	-6,432428730875392E-09	-9,196640033428341E-09	2,1316282072803006E-14
-3,3990264598784135E-09	1,6527098985868779E-09	9,99733876971629E-09	2,1316282072803006E-14
-2,529370283654236E-09	6,318458216438174E-09	-8,155264111653116E-09	2,1316282072803006E-14
-1,0540691571322246E-09	-4,7515231176062386E-09	-9,296473313041321E-09	2,1316282072803006E-14
-9,434974321163712E-09	9,191424315915187E-10	3,3745672533507207E-09	2,1316282072803006E-14
7,381713396733271E-09	1,3273577800470346E-09	6,699882236613263E-09	2,1316282072803006E-14
-1,0327145856922464E-08	-1,956959117876492E-09	-5,519528223680176E-10	2,1316282072803006E-14
4,775009634285114E-10	3,0664405385417417E-10	1,0389986490723912E-08	2,1316282072803006E-14
-6,521337057685146E-09	8,451578877583023E-09	-4,195616867625268E-10	2,1316282072803006E-14
-4,105435458364733E-09	1,0798565445387916E-09	1,019986847460777E-08	2,1316282072803006E-14
1,0145396410411673E-08	1,6795587827439875E-09	-2,683554710999088E-09	2,1316282072803006E-14
7,287737999081194E-09	-7,995218367871069E-09	1,0944892176778094E-09	2,1316282072803006E-14
2,6466267865999146E-09	1,0335440712576659E-08	-2,5392591374783693E-09	2,1316282072803006E-14
7,942851489465477E-10	1,3507275893269804E-09	9,992945186509178E-09	2,1316282072803006E-14
-3,7064085481678534E-09	-1,0082001777569E-08	3,0870338376203904E-09	2,1316282072803006E-14
5,065824032401112E-10	9,279144440554445E-09	5,553622717932923E-09	2,1316282072803006E-14
-9,134180644672182E-10	9,697355024771708E-09	-2,520940593032043E-09	2,1316282072803006E-14

