-4,903701208199343	-0,8575361449857688	30,30279321025985
5,108384558608569	5,0207696053136095	53,619316068255024
1,404527441724352	-2,4206209187855996	44,86797800881141
-0,6290012030097252	-0,18100107990168812	23,118691504209654
0,002866629042987512	4,207979761165178	25,099081262733577
0,44025963526186285	-1,7454977678127408	32,82719470235777
4,849447497197393	-2,302930742644496	46,235666195400185
-2,697973934989706	1,8692008036907737	27,175182369786754
-0,5068918764496049	2,4682211131179086	46,140996207758974
1,311719702334532	-4,523760337115004	55,855277532986875
3,465247871013019	0,01337364507365102	31,805958521174492
3,711711229814278	4,289975060497837	57,04868267000458
-4,2159129299802816	-2,5073839720391287	51,92471853795609
-3,3246578369621376	5,028130260253925	51,01197507908573
-1,7943622473364145	-3,3451424268386836	37,286538091723656
0,3775976928322926	1,6933656054230184	33,67942024341155
-4,398733155170456	4,7473278459629205	70,09699104405279
4,175810603815109	3,956162184902806	38,97109443070856
0,8115309406819575	-0,7233194055350847	19,079812995812016
1,8240011979828124	-2,39303588589427	32,395013834460116
-3,434832083578124	-3,387327651086423	60,04243342398157
2,698905388078522	-0,24831006787836696	30,395075288870437
-0,2984482774436579	2,7293398386122227	31,830139662648833
-2,1171662787691594	-4,386913132051129	43,89705352299659
2,695298646486064	-3,645402896116048	50,03236352402687
-5,086938718462519	2,4410662050142857	52,6131918426566
-3,0584823816569235	4,407667347165645	47,81324368050105
4,319768264291288	0,5019784053654384	53,15622135422427
1,2616167395565858	-2,9680840769478176	21,330849065777766
0,33992330166753515	-3,800563054803737	36,79022901242822
-3,22822288702561	3,566744280416674	50,91252702472534
-3,342776947268843	-1,3386791752904572	43,758997064879516
3,7896684321595187	0,5328423850989532	41,966635808029565
-1,3222054949000404	-2,042988653471415	20,66736977323372
-1,8717922330885006	4,962557861547528	31,478915467295323
-2,7669945070201005	2,8417183648781226	29,216739180463648
2,3797961424609557	0,49576565664458006	43,18658640708037
-4,139386280849953	-0,15760936281114812	25,27097155289646
-2,323189135913974	2,4372930057603615	45,00965000192089
2,139894399954085	0,8559304497262996	12,757254610283354
0,16913489119101577	2,120568730052711	12,395142217412573
-2,2197528551276755	0,24336587698968248	22,680751746858057
-3,845868441859806	1,5335076044701612	41,25566300280144
-0,5917842907877571	-2,1794713862989012	29,19516028193985
-0,13793945653399398	-1,5765584930631018	24,89628710412107
-3,6544096466074745	2,410923310633792	53,292957102868655
0,7977504895464369	2,2356564073306107	21,779107854111054
1,6456534149337259	0,8678932813104003	22,809611563164214
-3,2547781912169578	-1,8643404155583791	27,787548605323828
-3,529451361694692	4,622874751411113	70,8221283103726
-3,870984881431861	-3,596305860268002	49,251899240946756
-1,8002892115374074	3,1213581972133904	22,645467465048405
-1,7915317661468726	5,054993090116668	36,77358417581613
-0,7930405475181557	0,2118706348679824	15,629440559284156
2,115782711811786	-1,2511667053208986	18,64676290276252
3,522850180996582	-0,557656187082384	51,96953322469871
2,4584925801830666	0,6467755815562377	42,16488635278003
1,6438686236728053	2,066473169065631	24,01730709471456
-1,0335410375332597	2,849462138758737	13,558408789637047
0,5285037690071555	-2,827784040325416	33,420669833142995
2,842800767095662	-0,042565232432144384	12,932822906787866
0,8017167687529305	-3,410367497555984	37,53640900135848
-0,18019594572925168	4,760780661256269	37,77400224162868
0,7405993297109932	2,6549982284176066	33,80874694533008
1,6930876015001903	-2,018333515580198	20,50667721306951
3,1818262192322218	2,7929033905292826	31,107467230210332
-0,5379059706112175	-3,5409483416463092	52,21621217099509
1,6933595162163302	-1,6720007344745023	33,854229998116665
3,9352814878329	-4,3126983691635035	48,73959808773752
1,917282263216232	3,140436428053719	18,50569622602689
0,7600114150623218	-3,8781844044619107	27,778188209959723
2,7323805729702944	-1,1861505102300693	26,07262549806694
0,12326771128260816	4,022406040712148	19,146267594171448
-2,5916860681785967	0,9961710816811395	26,09812893411168
-0,32849236563307826	-3,81127031544837	35,61266140858268
3,2235173282193594	3,378046297100295	47,35108097370515
-1,0843256904388339	0,717870589986803	15,067256722957177
-1,9263319423831216	-3,756792262009692	28,449855456904682
4,160067055633518	3,0666766468259175	32,22075393139832
0,5231567354129956	0,6477218291486455	36,58062518147562
3,856584047640726	2,248055187791416	33,597390800098076
1,5279327662885995	-2,7405758922975134	40,28350478205538
-4,527366288677423	-1,3661552065958427	58,88334964151997
1,4565418713343634	4,266591788751518	50,99543936089313
0,5031101863025276	4,047890742170208	37,08594760636744
-1,38745348785887	1,1518355780094884	25,069756234457785
-3,2225763650865384	2,5022317449784337	44,93061490955989
-4,577968363550934	1,456190551318925	61,525670793331784
4,68804958624692	1,7473970284326628	48,98965613838924
3,1378939776868764	-1,9614874451826405	17,509523802099064
2,6558033686526628	1,3874943555716417	42,16127512951566
-1,734023952171817	-0,7093779745627451	27,0369108818895
1,554523629683362	2,815950044837165	35,73883131927855
-4,781166319783495	-3,3882739148167924	60,0297553229499
-3,20681014509036	-0,12685042964919635	20,630828827688013
3,814756359015594	-2,777943322965391	36,56518597016239
1,225985082756206	-3,878511186536199	27,817373554622144
-3,8449331948855034	-4,6799917709074235	55,3267333771671
3,836416718985169	-0,6513327857529347	35,7853961526046
-2,852289190050103	-0,8664646165295915	16,21084353970039

0,0005377699204682784	-0,008605883694263967	0,014746975505225635
-0,005496743714840553	0,006890991204192128	0,015412998534628741
-0,005883674897825264	0,011309601521750689	0,03223221731086312
-0,011784497212775885	0,010172782817580932	0,04806280804229246
-0,011709897843887093	0,01123631992084273	0,052229274447775254
-0,016067815483114773	0,012165557149535156	0,08052450880214934
-0,016121891855447712	-0,012517180542805928	0,08258939886206562
-0,02082159546720415	-0,003313870674338998	0,08806729923084688
-0,022143943595564597	-5,577792339145262E-05	0,09712697408951243
0,022160358278706285	0,0038772435065164146	0,10025245760118295
-0,021160189129220165	0,008253468558968961	0,10221206145551776
0,0003176126412459748	-0,02310647772607467	0,10575841107559114
-0,024375411246424276	0,0019546831921162244	0,1184057065719486
0,02216640645182666	0,014131690995334581	0,13691712813563583
0,010290708528302633	0,024746856279955053	0,14225550783027785
-0,023354285318872813	-0,014716617092861548	0,15095156205443772
0,018157094577525977	0,0224932003858117	0,16554454717571332
0,01912191467257575	-0,023296408750011308	0,17993555474352974
-0,004398232242794141	0,03023010230504731	0,18459827225855108
-0,021803396470034785	0,021904843432901	0,1892100762649136
0,02803552773816942	-0,015598159931248589	0,2037644703626782
0,026674754497290083	0,01802291484271845	0,20521024383241837
0,032378183429624105	0,0004211194342795821	0,20730616611782438
0,020657620197454006	0,025336822674576157	0,21163442439909375
0,012059495802072263	0,031262922382219824	0,22212171430271965
-0,02997028846577212	-0,016446173605436473	0,23128900431731125
0,03357295806044924	0,0066531446365523704	0,23157297488583595
0,03358000892888859	0,007884316359006882	0,23521582588932688
0,03299502194997061	0,013852281742792856	0,25325994511272043
-0,03308530616096784	-0,013669251147838936	0,2534369952289808
-0,037670989358984976	3,950880065368978E-05	0,280233858963868
0,02440763969296309	0,02972681603203936	0,29276771387325695
0,005262881692995741	-0,03880624755445283	0,30278833952465334
0,004028141485851441	-0,039795128855925566	0,31577774644115664
-0,010445010780497626	-0,03889375413874127	0,3202659210358476
0,03150790092381007	0,02571255197042488	0,32719455463683644
-0,03430640051692367	-0,023860928528129904	0,3453382830937066
0,0026401728828829157	0,041885791115441585	0,34745159282245197
0,03181000328479722	0,027958672345592336	0,3547684210019568
0,03646535338970633	0,023379742990119926	0,3709097803544026
-0,017497830092144246	0,03968444022006366	0,3715131188836125
0,035375715145100683	0,027785254510007684	0,40003676829613966
-0,002582044537998582	-0,04530657831396863	0,4058304574604463
-0,028234602317999024	0,035803165650652946	0,41099140127101563
-0,03150128587378746	0,03341655613043171	0,4169611593345621
0,0013704681380115082	0,04719968747244077	0,4391389919448656
0,026012714705391793	-0,039568950577375875	0,44298137650270775
0,037618562423744076	-0,029624247740414722	0,45306624467965406
-0,013069722177549486	-0,0469227858694945	0,46754031788483985
-0,03738930934301361	-0,0317891133767287	0,47589990923762215
0,022156354913249465	-0,04488210379679421	0,49424860433762774
0,05063755678505979	-0,007099435396213938	0,5144518526219599
-0,042630959961051484	0,031131370724903462	0,5500826860318426
-0,04553151684969982	0,02705410026501376	0,5533674798087809
-0,05299176462920269	-0,009357408222168653	0,5693746907615669
-0,023417108407009096	-0,04849265636265887	0,5715419448112016
-0,0499417759826105	-0,023065090818135462	0,5961597824418092
-0,04150626917884502	-0,036401529999742804	0,6016064668399324
-0,040478124913193685	0,03766286681444069	0,6034348507915084
0,052421203387920695	0,01811861409373467	0,6053508870788562
0,0433210011746267	-0,034910614478110495	0,6108702190121242
0,02631451882693689	-0,04951576669164659	0,6195950342664958
0,05622335399447356	0,002351389069045976	0,6217652584905338
-0,039421706994988204	-0,03997438014539145	0,6221163544674724
0,05250410719673862	0,020572605232461738	0,6258363262652935
0,05495069322223036	-0,015795772220158103	0,6426226042366281
0,0548570212819907	-0,01652260029134711	0,6452742383785264
0,017089122686020055	-0,05579659501611807	0,6692603951894895
0,053180411769931796	0,024090179244222548	0,6708246232107058
0,05703651251732216	0,014359630466578836	0,6794393648844306
-0,04787317552802728	-0,034199260766955994	0,6824327399506593
0,01533418920293314	0,056920771524168336	0,6826107801133858
0,044365213982414706	-0,038988904117513545	0,6880653862528696
-0,02242581948138689	0,054868143220850034	0,6910103641771528
-0,05515430603167348	0,022235959917869173	0,6954568234975866
0,030936155007099665	0,050828693915265	0,69751349105033
0,01719585959783558	-0,05761646870608228	0,7100758657906496
-0,043331481511251865	0,04189833471729788	0,7164955039447705
-0,05268588306555344	0,030238074749919987	0,7265676190595087
-0,06094482266064616	-0,0006641310029114264	0,7280543230171688
-0,016348995724548815	-0,05886195586836659	0,7325966666004149
-0,004497514841156116	0,06150934852490439	0,7453600121644399
-0,01983224378741114	-0,05901248159108641	0,7609862380279679
-0,05981653554184046	-0,018212705108841213	0,7673115715321224
0,02127829487726609	0,05885454168377946	0,7691377550974536
-0,0003036379071715452	0,06321570152319964	0,7825213809475464
-0,014369844417421063	-0,06179726369132843	0,7891553828342524
-0,007819477001535515	-0,06460603725094889	0,828953147640398
-0,06236636570747878	0,020171671049900246	0,8425018478908299
0,06557791441680894	-0,0032228130060909417	0,843296221536697
-0,013724536094649405	-0,06497793850304712	0,8634721235162104
-0,05541220688292538	-0,03647030947989669	0,8657987777149323
-0,0008224872214848758	-0,06682644657264324	0,8732333475325298
-0,0651530553911463	-0,01544507821710861	0,8778117575895266
0,06699802051147115	-0,002255602038396828	0,8785313863849353
0,06340836407667191	0,023316164728974145	0,8948797883808091
-0,06750684155652438	-0,0051682541284616065	0,8960000705873625
0,006491753975440759	0,06829305771316149	0,9196093642621719
-0,0300999795902257	-0,06171776396744875	0,9255293344821496
-0,010192190245189844	0,06833354759281707	0,9329160978914999

